2
1 -1
-2 1
-1
2
15 10
3 2
0
3
2 3 1
-1 2 3
3 2 -1
0
3
1 -6 5
2 2 5
-1 -4 1
34
4
1 2 3 4
-2 1 -4 3
3 -4 -1 2
4 3 -2 -1
900
4
2 1 0 4
1 2 1 4
0 3 2 2
2 1 3 3
18
2
3 4
2 -5
-23
2
17 -11
6 -3
15
3
1 1 2
2 3 1
3 4 -5
-8
3
15 4 8
-12 -7 5
0 -5 15
0
4 
1 2 3 3 
2 1 1 1 
3 6 5 4
3 3 2 2
6
4
3 3 3 1
2 4 5 2
3 4 5 1
2 2 3 4
14
2
0 -2 
6 30
12
2
-27 54
24 -13
-945
3
1 2 4
2 7 3
3 1 -5
-76
3
-2 5 8
-7 1 12
-6 5 17
89
4
0 0 3 3
3 0 1 2
1 0 2 4
2 1 3 2
-15
4
1 1 1 1
1 2 3 4
1 3 6 10
1 4 10 20
1
3
0 0 0
0 0 0
0 0 0
0
3 
0 0 1
0 1 0
1 0 1
-1